0	
0.00426553	
0.00852423	
0.0127693	
0.0169938	
0.0211911	
0.0253542	
0.0294764	
0.0335508	
0.0375706	
0.0415289	
0.045419	
0.0492339	
0.052967	
0.0566113	
0.06016	
0.0636063	
0.0669434	
0.0701645	
0.0732626	
0.0762311	
0.079063	
0.0817516	
0.08429	
0.0866714	
0.0888889	
0.0874667	
0.0860444	
0.0846222	
0.0832	
0.0817778	
0.0803556	
0.0789333	
0.0775111	
0.0760889	
0.0746667	
0.0732444	
0.0718222	
0.0704	
0.0689778	
0.0675556	
0.0661333	
0.0647111	
0.0632889	
0.0618667	
0.0604444	
0.0590222	
0.0576	
0.0561778	
0.0547556	
0.0533333	
0.0519111	
0.0504889	
0.0490667	
0.0476444	
0.0462222	
0.0448	
0.0433778	
0.0419556	
0.0405333	
0.0391111	
0.0376889	
0.0362667	
0.0348444	
0.0334222	
0.032	
0.0305778	
0.0291556	
0.0277333	
0.0263111	
0.0248889	
0.0234667	
0.0220444	
0.0206222	
0.0192	
0.0177778	
0.0157286	
0.0138433	
0.0121151	
0.010537	
0.00910222	
0.00780402	
0.00663552	
0.0055899	
0.00466034	
0.00384	
0.00312206	
0.0024997	
0.00196608	
0.00151438	
0.00113778	
0.00082944	
0.000582542	
0.000390258	
0.00024576	
0.000142222	
7.28178e-05	
3.072e-05	
9.10222e-06	
1.13778e-06	
