-0.116372	
-0.115554	
-0.11392	
-0.111471	
-0.108212	
-0.104148	
-0.099285	
-0.0936314	
-0.0871959	
-0.079989	
-0.0720223	
-0.0633086	
-0.0538622	
-0.0436985	
-0.0328345	
-0.0212881	
-0.0090788	
0.00377279	
0.0172447	
0.0313136	
0.0459551	
0.0611432	
0.0768508	
0.0930496	
0.10971	
0.1268	
0.143622	
0.160174	
0.176457	
0.19247	
0.208215	
0.22369	
0.238897	
0.253834	
0.268502	
0.2829	
0.29703	
0.31089	
0.324481	
0.337803	
0.350856	
0.36364	
0.376154	
0.388399	
0.400375	
0.412082	
0.42352	
0.434688	
0.445588	
0.456218	
0.466579	
0.476671	
0.486493	
0.496047	
0.505331	
0.514346	
0.523092	
0.531568	
0.539776	
0.547714	
0.555383	
0.562783	
0.569914	
0.576776	
0.583368	
0.589691	
0.595746	
0.60153	
0.607046	
0.612293	
0.61727	
0.621978	
0.626417	
0.630587	
0.634488	
0.638119	
0.641352	
0.644217	
0.646745	
0.648963	
0.650899	
0.652579	
0.654027	
0.655266	
0.656319	
0.657206	
0.657946	
0.658558	
0.659058	
0.659462	
0.659784	
0.660037	
0.660233	
0.660381	
0.660492	
0.660572	
0.660628	
0.660666	
0.660689	
0.6607	
