0	
0.00426439	
0.00851513	
0.0127386	
0.016921	
0.0210489	
0.0251085	
0.0290862	
0.0329682	
0.0367411	
0.0403911	
0.0439046	
0.0472678	
0.0504673	
0.0534892	
0.05632	
0.058946	
0.0613535	
0.063529	
0.0654586	
0.0671289	
0.0685261	
0.0696366	
0.0704466	
0.0709427	
0.0711111	
0.0682667	
0.0654222	
0.0625778	
0.0597333	
0.0568889	
0.0540444	
0.0512	
0.0483556	
0.0455111	
0.0426667	
0.0398222	
0.0369778	
0.0341333	
0.0312889	
0.0284444	
0.0256	
0.0227556	
0.0199111	
0.0170667	
0.0142222	
0.0113778	
0.00853333	
0.00568889	
0.00284444	
4.44089e-16	
-0.00284444	
-0.00568889	
-0.00853333	
-0.0113778	
-0.0142222	
-0.0170667	
-0.0199111	
-0.0227556	
-0.0256	
-0.0284444	
-0.0312889	
-0.0341333	
-0.0369778	
-0.0398222	
-0.0426667	
-0.0455111	
-0.0483556	
-0.0512	
-0.0540444	
-0.0568889	
-0.0597333	
-0.0625778	
-0.0654222	
-0.0682667	
-0.0711111	
-0.0709427	
-0.0704466	
-0.0696366	
-0.0685261	
-0.0671289	
-0.0654586	
-0.063529	
-0.0613535	
-0.058946	
-0.05632	
-0.0534892	
-0.0504673	
-0.0472678	
-0.0439046	
-0.0403911	
-0.0367411	
-0.0329682	
-0.0290862	
-0.0251085	
-0.0210489	
-0.016921	
-0.0127386	
-0.00851513	
-0.00426439	
