0	
0.00639829	
0.0127863	
0.0191539	
0.0254908	
0.0317867	
0.0380314	
0.0442146	
0.0503262	
0.0563558	
0.0622933	
0.0681284	
0.0738509	
0.0794505	
0.0849169	
0.09024	
0.0954095	
0.100415	
0.105247	
0.109894	
0.114347	
0.118595	
0.122627	
0.126435	
0.130007	
0.133333	
0.1312	
0.129067	
0.126933	
0.1248	
0.122667	
0.120533	
0.1184	
0.116267	
0.114133	
0.112	
0.109867	
0.107733	
0.1056	
0.103467	
0.101333	
0.0992	
0.0970667	
0.0949333	
0.0928	
0.0906667	
0.0885333	
0.0864	
0.0842667	
0.0821333	
0.08	
0.0778667	
0.0757333	
0.0736	
0.0714667	
0.0693333	
0.0672	
0.0650667	
0.0629333	
0.0608	
0.0586667	
0.0565333	
0.0544	
0.0522667	
0.0501333	
0.048	
0.0458667	
0.0437333	
0.0416	
0.0394667	
0.0373333	
0.0352	
0.0330667	
0.0309333	
0.0288	
0.0266667	
0.023593	
0.020765	
0.0181726	
0.0158054	
0.0136533	
0.011706	
0.00995328	
0.00838485	
0.00699051	
0.00576	
0.00468309	
0.00374955	
0.00294912	
0.00227157	
0.00170667	
0.00124416	
0.000873813	
0.000585387	
0.00036864	
0.000213333	
0.000109227	
4.608e-05	
1.36533e-05	
1.70667e-06	
