0	
0.000817995	
0.0016347	
0.00244882	
0.00325906	
0.00406413	
0.00486275	
0.00565361	
0.00643543	
0.00720691	
0.00796676	
0.00871369	
0.00944641	
0.0101636	
0.010864	
0.0115464	
0.0122093	
0.0128516	
0.0134719	
0.0140689	
0.0146415	
0.0151881	
0.0157076	
0.0161987	
0.0166601	
0.0170905	
0.0168213	
0.0165521	
0.016283	
0.0160138	
0.0157446	
0.0154754	
0.0152062	
0.014937	
0.0146679	
0.0143987	
0.0141295	
0.0138603	
0.0135911	
0.013322	
0.0130528	
0.0127836	
0.0125144	
0.0122452	
0.0119761	
0.0117069	
0.0114377	
0.0111685	
0.0108993	
0.0106301	
0.010361	
0.0100918	
0.0098226	
0.00955342	
0.00928424	
0.00901506	
0.00874588	
0.0084767	
0.00820752	
0.00793833	
0.00766915	
0.00739997	
0.00713079	
0.00686161	
0.00659243	
0.00632325	
0.00605406	
0.00578488	
0.0055157	
0.00524652	
0.00497734	
0.00470816	
0.00443898	
0.0041698	
0.00390061	
0.00363143	
0.00323293	
0.00286544	
0.00252766	
0.00221831	
0.00193609	
0.00167972	
0.00144789	
0.00123932	
0.00105272	
0.00088679	
0.00074024	
0.00061178	
0.000500116	
0.000403958	
0.000322012	
0.000252987	
0.00019559	
0.00014853	
0.000110515	
8.02515e-05	
5.64487e-05	
3.78143e-05	
2.30561e-05	
1.0882e-05	
